4.63782607189118 , 4.54740522838963 , 16.295762299585203
3.3267833086695378 , 9.745266173543225 , 24.758771782837687
9.627364132774922 , 3.1040025992940756 , 18.40833075210291
8.044263517420422 , 9.575375701366603 , 31.01189280969737
4.873265061521267 , 4.987343758946743 , 18.01632912441225
9.572513727591453 , 4.553959312385825 , 21.31752857604444
4.30565162359826 , 8.464825309933339 , 24.329856661836875
5.137857382074841 , 3.092279814378802 , 14.180685456219518
0.16147497373189212 , 0.33089790878456427 , 4.427747049734514
9.301388561267059 , 6.433788935609083 , 25.293653506144558
1.3330297214554532 , 4.621129787527441 , 12.834876774230288
7.5235569659533255 , 2.2327560297433147 , 15.13173099218135
8.83923186542462 , 8.752078753927123 , 28.750347101176125
8.409229400571164 , 5.654922804228319 , 22.24035558239689
4.5330692967166275 , 7.640217486092693 , 22.368017633297193
4.559835704555178 , 9.065074924471174 , 25.55815260189621
8.31778947470246 , 4.793868652045639 , 22.193186470790756
6.04884284743914 , 3.426039305595816 , 16.191497196640395
8.3628707850036 , 9.422273816509536 , 29.448470261255377
8.443669011542239 , 9.027702432020273 , 28.482724499566814
2.478951425504973 , 1.9396322013074507 , 10.103814885805763
7.95073672453404 , 7.938584997203239 , 26.035458575390802
2.7317535676453986 , 0.021128886408913194 , 5.985976386118685
3.8924713109842344 , 4.8511692409778675 , 16.51752551057409
0.574468084352393 , 9.592303000266526 , 23.41716698247075
7.200641290974799 , 2.689904990464921 , 15.926002266159937
5.592606994800116 , 6.561896297497299 , 22.33279874155184
8.763160950175394 , 1.0907947095407255 , 12.87762949539734
3.4922014823024106 , 7.957997569272051 , 23.770110554444546
9.445478491651757 , 5.839142223572148 , 24.097522120564783
8.322789119262154 , 5.786388572642914 , 23.067405282564863
7.1851857896811975 , 3.4862801689771894 , 17.380980547360572
9.369592709262408 , 4.56922669666672 , 21.680568161499746
8.92423346867284 , 6.629850883594539 , 24.22840513579228
7.547217147515026 , 7.3309334052133615 , 24.8814807103932
2.2814373080528116 , 2.2581475121616954 , 9.611273521508867
5.651264134797463 , 9.129729267317568 , 26.858028584499127
4.761479701649881 , 5.879974335790566 , 19.82083355682602
5.816155451769505 , 2.6724575285550136 , 14.240797996618038
3.942145616706063 , 2.973242735131987 , 12.962229860901395
9.505234838041064 , 0.6480841695674311 , 14.11316678561834
7.2932660602403026 , 1.8187782838056055 , 14.324997874855235
3.4296576359191757 , 9.880869019792467 , 26.966479672120503
3.130288026524034 , 1.3557613704806415 , 9.576560238478866
6.234340074933986 , 4.8222585739483845 , 18.15249065478269
5.315920476711727 , 9.088426218111858 , 27.091723156305132
7.162010308549065 , 2.7579994405994235 , 15.964073777858557
3.9091580168698337 , 2.2891161663013815 , 11.730517437125918
8.459567843418423 , 1.9671906887911528 , 15.513772721434089
2.0844248486767922 , 9.18585493710215 , 23.16020657860523
0.3667130307987909 , 5.170857245083851 , 13.464582576447125
7.475737976660022 , 8.709421007469231 , 28.574955041151778
5.672319259442271 , 5.229353502493641 , 19.186235588786985
6.333998141507125 , 0.6708675023177646 , 10.613952984708405
6.907357723234022 , 3.044482597183029 , 15.970531131879776
3.910580200831859 , 2.0685432450848684 , 12.012257849002209
4.99629729127692 , 6.998183591715922 , 22.1069590757976
2.393734582347423 , 8.09351551445568 , 22.363821493942076
6.559350027353287 , 2.571421598467123 , 15.485648749329192
7.706978778928066 , 3.1433621108278684 , 17.431848646351796
5.519179437153037 , 4.96167135111227 , 18.317801147219235
7.249108249556678 , 7.057160613140866 , 24.137375400610118
7.227470264996202 , 1.830052504841022 , 14.502240830702792
9.184572254131831 , 3.5100169913378876 , 19.07977010190435
6.055739204265437 , 1.1730647696047403 , 11.227617322469266
1.97581094421441 , 1.787345204413694 , 8.873258815415564
3.6810649928768457 , 8.752084945462512 , 24.456859557730017
3.7103157501477755 , 9.753427433010527 , 25.95365855693041
0.397409533747598 , 5.14922213060101 , 14.152374624539387
5.143669125145006 , 0.9581541273404248 , 10.151548831029846
7.110047697625053 , 3.1098954490845845 , 16.833623943420534
4.278339624741498 , 3.5205866123009812 , 13.39420126846609
1.114600888207511 , 6.952214264469126 , 18.233418743086006
0.9472065218028736 , 1.261681221078067 , 7.092900992307013
4.245222734657579 , 5.361577530146446 , 17.256495449402703
3.82991666328248 , 2.2327508546649497 , 11.715129964159427
8.920624729419535 , 0.4087208353054228 , 12.25720049958418
7.010118450822141 , 6.052512410876522 , 22.27221924225594
4.008237987424864 , 6.697280911725936 , 20.28925200213467
6.103005838452491 , 4.610848399010617 , 18.174874720819254
7.246452398104642 , 2.0039237445470084 , 14.684500698773894
9.872619565030952 , 8.467793203047798 , 29.40929187288118
9.957592913790695 , 0.441560149899094 , 13.055753322826662
2.8651480113873564 , 0.7518641150488914 , 7.301786639076787
5.063446303848159 , 0.8332277730892745 , 10.434576036610768
6.808302491304855 , 8.172994787142791 , 25.77900895462957
6.233300147432304 , 5.7870511155317494 , 20.261187221315957
9.099973222746446 , 3.085051307328235 , 18.28708366035383
2.5131996897426445 , 9.702264750803089 , 24.402889427103748
5.728137261447652 , 6.933923382454992 , 23.45297539931423
0.329915063508448 , 8.086074716277817 , 19.54162664897304
3.8023691375287205 , 9.465737308289757 , 26.722557923985008
3.3245476303767187 , 3.2857143587676796 , 13.688152416288915
5.289416575772704 , 6.916182383940724 , 21.997664753932252
6.63116463037883 , 0.8647875455475107 , 11.120563930363094
4.666617460863806 , 2.693800714825457 , 13.41031499544403
1.0509371172248827 , 2.7421715636003707 , 9.608486789375775
2.2060976841300075 , 7.828553581704318 , 21.309111762445138
7.477816657807268 , 8.167570644890407 , 27.33416797417816
0.2338043420368141 , 4.55849872789436 , 12.42629269056326
7.152999118985905 , 4.027885504051628 , 17.84508068504352
3.1951889724100537 , 0.9619992965270119 , 8.453011385860272
1.1164506237595673 , 6.4673094801803295 , 16.920746731402875
2.465716080585072 , 3.500529177221466 , 12.194428254284308
2.917311931511172 , 6.231793029305076 , 19.16022090280739
9.529785333064977 , 1.7494116728662379 , 15.733015105471816
6.258498067853154 , 3.6736053998815077 , 17.052654913268675
2.3825726754166876 , 4.417530925472281 , 14.263913713977178
7.692623648515093 , 2.4173614999590365 , 15.424237657215242
5.863239237998169 , 0.5717265218690448 , 10.29596007533197
2.2359137135803406 , 2.151001383747303 , 10.154155569423098
3.7283352643699965 , 7.376629760800717 , 21.24573964119772
9.74807451376091 , 6.420151158929375 , 25.111647828861106
1.268912938212523 , 2.933284886347992 , 9.725728595620534
5.7958999107210705 , 6.993659718850843 , 23.151123187396674
5.4292829861563305 , 9.800056603118898 , 28.64979434811426
2.3307628475853415 , 9.305705657293617 , 22.78302277019009
2.9234730447671256 , 9.336214055631121 , 24.33096147684857
1.8250455509290997 , 3.744941871423082 , 10.72230952150731
9.848881896611129 , 7.180210686976086 , 26.97749651324298
8.317452473820792 , 6.004068184358827 , 23.619792619761068
0.7914833793879206 , 7.527235599616395 , 18.175226613225533
3.399424481487505 , 0.12557261556041643 , 7.380604069503887
3.390916794363077 , 0.7973362884681867 , 7.94269565396046
9.560608373100512 , 4.821510700205308 , 22.230300967789834
9.704396549744558 , 0.5104406831906472 , 12.834231425182907
4.569679576686223 , 7.841554569534565 , 23.41643696087741
5.635654243992522 , 3.875008263904536 , 16.725150538435024
8.5093002338597 , 3.67642848858719 , 19.135496941643044
5.403175162579213 , 9.983209698706558 , 28.83895957396782
3.5251308372819565 , 2.5017059602652303 , 11.622349296646531
2.4834231745368007 , 5.376551605068539 , 16.07087985257484
6.0200396235324325 , 8.598200815877151 , 26.496440555062673
5.496885461367777 , 2.649747529342308 , 14.160850195972227
9.32780192214829 , 5.887436593761823 , 24.881602800078213
7.525800005374682 , 9.666364158790282 , 28.844929345362473
8.083020656038572 , 0.6006573575284213 , 12.618609240482353
9.477850065594946 , 8.152511299569978 , 29.437875411329188
6.368068304163504 , 6.732919344212432 , 23.478439444763747
5.0375124156310545 , 4.277256063700125 , 16.329786205015512
4.887153684770013 , 9.339938738882807 , 26.622864144974645
9.02948867348061 , 5.62025993538426 , 22.2198170563386
0.9146709673657294 , 9.409492999395992 , 21.76664614947867
9.151751543334933 , 2.795684414568548 , 18.11255882004741
7.848905600732411 , 2.0672771176982963 , 15.20785041695133
7.498342335726019 , 7.248867451452186 , 25.47997581700664
2.251533261377514 , 7.124793751964585 , 19.391657801314125
6.3082523855254795 , 2.3502309382353195 , 14.655229327859244
0.9357999723569499 , 6.134527982649619 , 16.245441762935755
6.220963328616408 , 9.205334806836149 , 28.399428454320216
5.915968164401777 , 0.947463246350484 , 10.789405655484796
5.910594303164601 , 5.268989936163404 , 19.407899619129495
3.273766163299311 , 1.0886874090180676 , 8.208815288444235
5.898368321732419 , 9.894425523231916 , 28.661332095968625
6.017236737689055 , 4.6132498144782605 , 18.204256221145947
6.599349526615342 , 4.054313847936023 , 17.394243744533867
1.3536565278265211 , 5.738138536213588 , 16.140518652623854
9.765831442895415 , 8.125289609078184 , 29.608017400401273
0.7367559372058408 , 3.132246833832909 , 9.456797188040957
3.0441854097840038 , 9.79067122461921 , 26.170238785682823
9.41981666652903 , 6.02732281274787 , 24.814380199346353
0.018074101388612096 , 4.305262220924596 , 12.33693849075126
0.035973118354039046 , 0.3825678818389533 , 2.9586385979274183
7.264535393103917 , 5.384261919290352 , 21.330679980732373
7.583278336905823 , 6.326548207058548 , 22.852418476602757
7.719133056930314 , 0.7364902413121877 , 11.785579495270067
6.537270310307516 , 7.3613615763386715 , 23.478780098315728
8.288831728364048 , 7.948892209919173 , 27.235242695451007
9.540723827289892 , 1.036728190302325 , 14.165364525062387
0.37027804258617625 , 8.168635943826567 , 20.290488420682745
1.657205780785047 , 8.642211958360337 , 22.27383548047472
4.110420781260999 , 7.322704652701638 , 21.71913719667996
5.747510128498348 , 3.7599439491374866 , 16.174744968369698
0.4505485666432618 , 2.6979715347998368 , 8.88016951748514
6.874059159092447 , 6.076550499173353 , 22.10759847397274
9.273546340338486 , 0.156992439834015 , 12.33934640164415
7.083360022254369 , 7.586414857666761 , 25.194181230936234
7.1929973677066075 , 3.8160677180132776 , 17.937061613088066
5.630793457166577 , 3.063423480725538 , 14.737385521529681
5.776216092479637 , 6.826463105908739 , 22.97563921479933
5.570837055351952 , 2.547366805089364 , 14.607398595910876
1.9965590317096826 , 6.470339375416076 , 18.028571175759552
8.353364255158999 , 7.60656528056351 , 26.374531054779773
6.501294053263288 , 1.410437425354658 , 12.548149631481564
1.9846180913048694 , 4.456390699725904 , 13.897639459211804
1.9200219761855597 , 1.0428634757900535 , 6.739572255299505
6.9413475490715415 , 7.313436550096584 , 24.336027769574123
4.276776455356536 , 9.488332398192014 , 25.824705965033104
3.666908014693888 , 0.5067394655613444 , 7.760397423557394
7.9119872496091315 , 8.810054290981812 , 27.91521153853365
7.928814451391944 , 6.813446627165277 , 24.536752494610088
1.176728375253736 , 3.6680220890178186 , 11.916311112934002
4.102703664707624 , 1.0390116823116746 , 9.267259086460305
7.032929844111568 , 3.8257246515791845 , 17.700406002223815
0.0031760715551876206 , 9.260266602278067 , 21.27544321896311
5.9180645322126395 , 1.4776233253108195 , 11.676275607622799
2.6345464559610274 , 2.585511027831433 , 10.495289788293157
9.638280610542639 , 8.476077025175531 , 29.98646837081959
3.478270438797927 , 5.414979571898985 , 17.695883134656363
3.898775669565444 , 8.462695576164467 , 24.56175614330164
1.9363404169800758 , 0.3483795197623918 , 4.448013874224473
8.608076663520459 , 2.400415494108837 , 16.096402371495394
6.124472163007702 , 4.297851429024559 , 17.53920331890648
6.964491405517625 , 2.6941934849243596 , 15.148453629775275
4.916057199791776 , 2.1037417046780718 , 12.701345084925608
1.0958198551173126 , 4.127111766829033 , 12.01862211411021
1.9899078197755316 , 9.013872146582983 , 23.240184123507362
9.828797371754398 , 4.710234960732249 , 22.535981449222092
6.715798297296969 , 5.758110127075899 , 21.69449186993419
2.232567082029999 , 1.332601916703462 , 8.460572624357932
8.89530011295398 , 5.885865258253201 , 24.407250840575568
8.66433332008045 , 7.727050026018146 , 27.077681487748574
8.445608456512346 , 6.11393714589617 , 23.223445725537363
4.143457797972831 , 0.2743744578681462 , 7.335206735759542
5.924276171474942 , 3.3456465714762773 , 15.639558661236075
2.295490291110893 , 7.699150324771701 , 20.602786684079167
0.23108004599922793 , 1.8690537015422404 , 7.109893537173586
0.9555223916752298 , 0.6390323210290083 , 5.002430961432333
4.88810339877376 , 7.258364870437267 , 22.045417230053584
4.0793284573220125 , 2.558849939385107 , 12.075393162565264
2.4501592887050574 , 1.3455601878474066 , 7.576223386324331
1.055227120203578 , 5.270875132935171 , 14.810617583112828
4.014340174647145 , 6.079374179812731 , 19.496463839607056
1.3616564135764209 , 4.363129209836998 , 13.224297004211195
0.7895986509162645 , 0.19301599305783013 , 3.793412067815646
5.869037950999793 , 3.0003036393928006 , 15.024455719934817
4.468059265525831 , 7.666887195990527 , 22.49031146390031
5.77745935032575 , 1.9084986619708644 , 12.076115831835716
2.792215918429041 , 1.597805345304848 , 8.79373365341732
7.312751546564467 , 1.4171380347515083 , 12.987135593915365
4.203949447021515 , 9.228918094542328 , 25.149038322766042
5.475773165212367 , 0.8594949433643306 , 10.867527571789937
9.628763168946824 , 3.5841573578758323 , 19.825941487461115
9.06914603975782 , 0.5678162769688966 , 13.178076269484057
4.935732894335664 , 0.4372234833270272 , 8.74482854044036
3.955630285054952 , 6.214410795371904 , 19.534614283353484
8.226150467378444 , 9.540378471765386 , 29.943095247396194
0.9456866230217498 , 5.526049389349588 , 14.402294418984535
0.546578871964557 , 5.821789301601931 , 14.758754970870033
2.361022725486804 , 0.4488816950817398 , 6.785772464654286
0.8589204311628684 , 5.9762201729471585 , 15.42344608617054
2.0847870737420893 , 3.7068893312942985 , 12.727040576519197
0.3160471001601184 , 3.6504755681968124 , 10.04692921670256
4.96662625853175 , 5.075419746842524 , 18.489833253806907
8.424660504026871 , 8.333567363194044 , 27.717592193241003
9.612346162538948 , 4.8083093165502 , 21.726747770875587
0.19275394457666573 , 4.207266948795848 , 12.458022930210314
7.540064822905899 , 6.447277534250732 , 23.699177781696736
9.308662213952326 , 9.96786048198955 , 31.70950163243231
5.27146633552216 , 0.808630700995504 , 9.368866200033631
9.891267465652003 , 5.5911948768845114 , 25.305713584235512
7.3275869728621466 , 2.7768105826147527 , 15.42647720569835
6.317441124026523 , 2.9262282027363575 , 15.582928885775402
8.080954965858568 , 5.172131298653243 , 20.997970850928244
3.9014551471753514 , 9.127721676161288 , 24.854262341886898
2.434818415442983 , 4.290842092622795 , 14.402024335642935
1.2510360328630976 , 6.596083379057383 , 17.826473059957834
7.630278399815364 , 9.35118554388682 , 29.613049926469625
4.548415589779125 , 2.527392476934822 , 12.026540683820404
4.068285309422491 , 8.30253421349134 , 23.627087986923605
2.758093246085742 , 9.523198397637083 , 24.855218672331223
1.784886690226618 , 3.2249706610247952 , 11.076146482001315
4.23088210847947 , 8.364064891856026 , 24.208852873288986
3.6833572976742546 , 9.418219099422029 , 25.06209612771201
0.18335880829709716 , 8.118245690558537 , 19.800264898596375
6.038397297293371 , 8.054698304787237 , 25.05238730870006
0.958203017304311 , 7.371158507871679 , 19.629244915771118
1.9354737064447392 , 7.553618963612859 , 19.694218285935804
7.542372186328372 , 5.082450010668779 , 20.795763536995572
3.239301242956616 , 3.3707003488020657 , 13.078991056065457
6.33001149329797 , 3.9343954682416946 , 17.225586229267215
1.4139509734298927 , 4.371471731923529 , 13.94420166851225
9.375679538411754 , 3.04341328527183 , 18.340994971298244
4.9254677712806325 , 1.9432526235778047 , 12.676162344955133
1.2302874277942366 , 9.261823405431022 , 22.301343514050398
9.251492239792084 , 5.601548585420889 , 23.18326529123145
5.193478901225403 , 7.354428513505262 , 22.609050811040095
1.5325935440813154 , 3.697412399549452 , 11.825145711006629
3.689601618023822 , 5.6389178897866366 , 18.02006827253569
4.50453682795771 , 2.7796654826364664 , 12.36272585776163
8.590010688797182 , 6.614605107200208 , 24.914889558520656
5.732070101787677 , 2.3037253027049687 , 12.961178916603563
5.625553004540658 , 1.0165092805835052 , 10.487920243557907
8.877372322591953 , 3.3027216728402875 , 19.158859210096878
1.4782456292327961 , 4.298912051136128 , 14.14427761948693
2.9069876847778096 , 1.7401102090572629 , 9.77099072988857
1.9810075286259987 , 1.8755533497059962 , 8.423524017634424
2.773810223126485 , 7.616534336549991 , 20.646069026654356
3.435487151943819 , 8.321067647041767 , 23.191725036045145
1.845394019684563 , 4.101839220003809 , 13.113523098286288
0.30181946148130523 , 4.547181774826758 , 13.101345738430279
1.5683956332154791 , 3.9772188280059586 , 12.421967639838385
3.3525034748306606 , 4.804064832632502 , 15.65440877698194
5.125312865739704 , 3.5432964386461476 , 15.119847917984679
2.943751515916607 , 6.045450271263032 , 17.7784873691222
0.1716121139939908 , 8.611059895540139 , 20.316231057945277
1.9335802121650414 , 6.318821634263454 , 17.703538191742293
2.85984425530601 , 6.871042921148743 , 19.407402331654144
2.885098775063847 , 0.4113081870493429 , 7.07953713283433
2.64939992765419 , 6.0028968364810185 , 16.71124814369393
3.709947210103308 , 0.711996970663149 , 8.99120870498344
2.5185068804367483 , 4.657894670357794 , 14.758335166806031
3.276168844416021 , 0.1152530183764322 , 6.481256801402926
8.24139005658977 , 4.430244618714587 , 20.20396834068027
0.12312931848227127 , 1.944209312763473 , 6.615365842866817
1.0695916292375152 , 9.417488144907262 , 22.59286567742575
0.8278462230180228 , 2.152464624985421 , 7.859064967108307
5.207705361952414 , 7.231472306287427 , 22.147944602482212
0.08599786125118802 , 9.204315238258479 , 21.447605413127658
1.404625703761363 , 4.695307428281783 , 14.392513673013758
0.6231440178250613 , 3.6604617677852467 , 10.658805160781656
8.550332846308857 , 0.7420941311802975 , 12.717338623360916
9.85238259623822 , 8.044979182261754 , 28.24936082744516
6.94671792118538 , 4.874348480871423 , 19.728417937498207
6.422348562309942 , 5.474773925753044 , 20.11874208195538
6.555496338158136 , 1.2703755760450708 , 11.986918958327028
9.413981926659629 , 4.892819545119716 , 22.605423032624387
5.349504811664954 , 3.2374361600599233 , 15.169845142432647
2.2582885886312765 , 4.971809360758774 , 15.057012810816572
3.278289166399232 , 5.449795399005344 , 18.50498397947989
9.329793600130278 , 2.1739191903138733 , 15.633662601721298
3.9727162393460502 , 9.399165819986377 , 25.122461520424547
7.684606645622823 , 6.776458403023074 , 24.31145471008954
1.4893084431485748 , 7.682580471425871 , 18.572044518632445
5.042693642395787 , 7.347946749554104 , 22.809530382694824
4.539686055733831 , 9.28567087528827 , 25.724816850344233
5.0366060634118135 , 2.935421309131611 , 13.24706928946071
5.099423733646801 , 0.8283223300446274 , 9.567491728299657
7.592019140413978 , 7.662160615537852 , 25.79007050625803
1.6451234305870255 , 6.210965864278281 , 16.365864684236584
1.986685909727759 , 9.298120894771673 , 23.853089488843136
3.1107394586954094 , 9.098123204125207 , 24.120477991769107
4.1021990268469555 , 2.8699083488377006 , 13.522835839972121
7.7254835183819175 , 1.9742614556724125 , 15.560268583548767
5.731255701395962 , 1.6179317191147824 , 11.479877895040502
6.356465410324046 , 2.029498329871889 , 12.863901283947712
6.681704394042903 , 4.751168859457562 , 18.732285363539827
2.0221952990133962 , 1.4943491245426677 , 8.716839833051138
1.4248870403533231 , 5.322918502951266 , 14.557658516758373
1.7440989319338485 , 7.935438137153952 , 20.25957305046616
9.33599114126128 , 0.14373852264818798 , 11.815354243987736
9.384950110232658 , 9.179365084349186 , 30.050679537273954
4.319635200034235 , 5.88834043359825 , 18.85297690195292
5.605165305735341 , 8.25819958286891 , 24.930818231525226
0.7735562695574794 , 3.4957273950139744 , 11.045628156089334
3.59108395283551 , 6.244308074210117 , 18.63870212734344
9.41434208920979 , 1.467283837745852 , 15.14371263911115
0.7034837994995891 , 7.443948406572279 , 19.460924797592615
5.144478418010858 , 6.770541310384336 , 21.52024488276907
0.44877655831044416 , 3.702954493405869 , 10.062785029402537
5.9629572219959055 , 3.3743686520120453 , 16.06141063682287
1.3354053949292688 , 3.820313499859539 , 11.651927203557866
5.85857525216133 , 6.44354584833869 , 21.157118330887673
5.149642916144231 , 1.7544739050427627 , 12.353741062468899
4.211710678947723 , 2.6017352286315876 , 12.042870767470472
6.363581343102225 , 8.725728501925577 , 27.051739950194094
9.751396010543056 , 0.790512469939546 , 13.794118112834227
4.196638211748997 , 2.132235973564672 , 11.446609456221458
7.684213870878359 , 1.952057508225572 , 14.521348410309992
0.41274469840137495 , 1.0035668828307531 , 5.375115403716534
9.254090829929552 , 7.116118187008638 , 25.59953799173859
7.974333490101634 , 5.854225406816223 , 22.8730248362535
6.440755390811191 , 5.588546498996085 , 20.673123695899537
7.9203724385577035 , 5.215845150325739 , 21.954970688736537
5.482959208366626 , 6.145910817814078 , 21.28122379105867
2.6297684916065425 , 0.44682093141668267 , 6.368909137175637
9.950390970400274 , 8.221521677093069 , 28.962882254692516
1.0031571811615336 , 1.649120975535704 , 7.219554402358628
4.048852483559476 , 2.10558878496565 , 10.705577623507862
2.6892897787403425 , 8.769786386709894 , 23.2733900272323
6.641464320520365 , 0.7703308267022957 , 11.888661725887369
2.9222158005475496 , 9.444980469249757 , 25.925714996504755
7.180748001424719 , 5.825556659701592 , 21.997303283574844
2.7222804422757694 , 0.35111878493350623 , 5.232772012137483
7.329472573139589 , 2.063348570489122 , 15.616883321683268
8.218112095884095 , 2.380747460144744 , 16.246969650192653
9.221811837960649 , 1.488928539667026 , 14.954589853239394
6.650873845826536 , 8.061054495737855 , 25.0895937229271
7.481655956823205 , 2.333469655949373 , 13.594377434954433
1.9222969392383549 , 6.831335014601068 , 18.124361851670848
4.122764393944536 , 2.6594066360833413 , 12.46544849156463
3.1523061485630297 , 3.5756806095939755 , 13.033536763968277
7.560312426207902 , 5.680786991681018 , 21.83050776897297
2.594515475581426 , 2.979416889814488 , 11.075689116297939
8.732424057597683 , 7.571051963777631 , 26.08345541960992
4.165826551293323 , 0.021858038670030666 , 7.776376820927689
1.764219353569837 , 9.049605738845294 , 23.06025557179575
1.2602227194925097 , 7.807033633319605 , 20.073617854126958
4.108306574018805 , 4.493531130637436 , 17.11207172808522
5.641820520286109 , 6.178744649136573 , 20.897029368275003
6.92814049338608 , 3.5986708183399396 , 17.038332853156504
2.959105194475483 , 7.978306142522676 , 21.39883048608119
8.257034193255281 , 5.223059673693201 , 22.378065439918245
0.18109456806073676 , 6.430478892119988 , 15.336960147137248
7.222336193429011 , 3.6829199003582715 , 17.05644318532319
4.614959516804688 , 8.21285365996136 , 23.687347309483066
0.6619119460681278 , 7.695822769892735 , 18.96223869733312
1.7904455526173269 , 2.119732730119609 , 9.374360930588722
6.029306235305201 , 8.442039730957983 , 26.956703516055153
2.474523981333819 , 2.0886918638299212 , 10.311112856686902
8.29408753880583 , 4.781246877238567 , 21.63486701706348
1.693267059369421 , 0.7330301304509435 , 6.024168802227154
6.102609199804894 , 8.519913436474274 , 25.837206092938303
2.446068990834509 , 0.31812870317166286 , 6.308234996219707
1.492898374231808 , 0.5546900590308168 , 5.813966874573882
2.8799050250372105 , 0.5426387899569851 , 6.227410186184822
9.843214248546294 , 2.242009845415005 , 17.608394083125972
0.34808748459092875 , 3.0126220540551762 , 8.857683704572835
5.525588663236647 , 4.880742242629966 , 19.11355876378702
5.531894834259582 , 0.8254003264427245 , 11.031117147841218
0.886025127148502 , 8.734922896011755 , 21.608055149052408
1.1211589069966987 , 5.262358235011407 , 15.539062841147247
4.241128161630198 , 9.021752013840066 , 25.302346601885528
4.83143856466107 , 1.4938843273792113 , 11.843039251280441
9.32216618764975 , 2.9815950818577877 , 18.55349907398992
9.499638650917486 , 6.7850803065904985 , 26.658048629975642
2.268565420199462 , 9.471229374639405 , 25.084421523747586
7.894774490066062 , 6.262531623416489 , 23.650301846187407
9.054083668011623 , 4.841166655380053 , 22.230640875625706
8.084567482925165 , 1.085382626553808 , 13.412282353739801
2.97134302568413 , 0.254181709487189 , 6.828232113152717
6.824377545299184 , 2.7799681545639388 , 15.49709805207995
8.224613819646546 , 7.134597741480269 , 25.58115160161336
4.928927070651455 , 2.7045446442944963 , 13.267136404815576
3.616939659478523 , 7.476993108138217 , 21.323003319166094
9.078014696882633 , 3.6337765822146717 , 19.702752007709925
5.966834946976883 , 8.483012548194129 , 26.29732268583345
0.25853057318676487 , 5.41275532891034 , 14.017353005420595
7.494294629721177 , 0.9740199311631403 , 14.292027575947852
4.843435185441145 , 3.6891600235256092 , 14.724578142920716
6.74907772466166 , 8.053012960179286 , 25.167794645911663
2.294587328744119 , 5.558760000098849 , 16.762038373633338
4.779365513817887 , 6.245792060201954 , 19.753540950013488
5.472420669109924 , 7.469715138148764 , 23.273105059380754
8.911871691382592 , 8.41922258069914 , 28.72399445602645
6.518476420902884 , 6.010430298575653 , 21.444217524397537
4.791930467842497 , 0.511123355597789 , 8.874291753386654
6.010851517218628 , 3.715871412724928 , 15.703643075785777
5.0279815059417565 , 7.237658299639608 , 22.24463998552009
1.6687543605208732 , 6.201961779515022 , 16.77283355129701
5.191124375385005 , 2.8078806838616135 , 14.530204200612374
9.913262563751433 , 8.986414162200381 , 30.177974562167947
4.5118321321362265 , 5.475532045535312 , 18.66680654593608
0.5406155493804865 , 8.54016384235537 , 20.477735603089613
2.2613320551802882 , 0.6829909024328373 , 6.887473216711479
1.9969160766245664 , 2.717762938514303 , 10.790927371838425
2.8716792563733327 , 1.632739636901227 , 8.332662201082545
7.86179130636549 , 8.86813768291103 , 29.34337040208174
6.008743289313393 , 9.66457685030415 , 27.90272678562103
6.6019563795654275 , 1.0192462982748896 , 11.760209070387898
5.199969740449171 , 2.278820580277694 , 13.03085736881619
8.44994422243201 , 5.12590476289934 , 22.455487901733918
6.47556074756642 , 9.162089775944564 , 27.218332936444185
6.7612823319581805 , 0.8249742662616488 , 11.36408273908226
5.004722361387711 , 8.406958795453054 , 25.567551379577942
2.55428933554942 , 8.78015139557328 , 23.6417691542434
2.9249422362226305 , 5.090660217295371 , 15.84970134286669
1.8472753881507786 , 3.300604008541762 , 11.719682982388285
1.2540603128967975 , 5.08803556696909 , 13.587675788161391
4.2927484028215215 , 7.180206849983253 , 21.81976250659663
6.458019642341213 , 5.878018642095845 , 21.329477675917843
2.701008746849366 , 3.8744658843695445 , 13.514421370282674
6.562088567426309 , 3.1100278269579142 , 16.301939140865507
7.14391379479305 , 3.0583409372899197 , 17.0641023822141
4.574471267180272 , 2.6664813257170894 , 12.919526628834978
5.628210680801797 , 1.1742752184937988 , 11.566293722143794
0.7898861772669352 , 8.752140765657435 , 21.920696801631117
4.432097479080212 , 8.614250124570864 , 25.315389409330244
4.230455637183748 , 2.9590272062982548 , 13.462229112698255
0.6165883854262244 , 5.305044267497476 , 13.958464788118189
4.728687903459473 , 5.367534759453735 , 17.78511194143522
1.9399787157453718 , 4.602951764818735 , 13.656534961830394
9.404095864061102 , 0.326880993425982 , 13.114852372313344
2.73966443197154 , 4.150466589083458 , 14.183857549443125
8.543183220563956 , 9.001771921338582 , 29.616560168949274
0.04117564990755884 , 0.40256669081042973 , 4.039225942539753
4.667546730888211 , 8.833460196272435 , 26.510047007799432
6.901954432067327 , 6.031844786095303 , 21.609198753432434
2.9121730822737812 , 7.794412225587525 , 21.82290799021381
9.722555065600014 , 9.536160375532464 , 31.16951451373098
3.626321469319792 , 6.048287695369339 , 18.47910268262442
2.6735555388969976 , 1.8746919787781668 , 9.46290416825687
1.0917469511797262 , 5.572665743013823 , 15.876968627052788
2.531435335385245 , 6.697633873566797 , 19.556133098184823
7.509955744988245 , 3.848155439200328 , 17.735402695053025
5.799574657098762 , 1.7125574403448518 , 12.17008259390346
4.874249186490294 , 2.0598456475230273 , 11.901110649769747
1.1619841994036417 , 4.143044866136355 , 12.932139299754464
5.223081380437043 , 7.566399070881657 , 24.092946124587872
4.369004298081993 , 4.410573004988621 , 15.502088324097125
8.387469150177708 , 4.396942706833501 , 19.871710410726255
4.402455162146882 , 7.275714556274602 , 21.766437976062377
9.35142356840576 , 5.257000337568801 , 22.656154258043127
3.143970630675621 , 1.0855101773230513 , 8.5652950071767
0.2975073171805076 , 3.6718870964376906 , 10.176602814603878
0.7113084261792002 , 9.70158971704223 , 23.53258546052125
5.02694144028533 , 9.091804343687853 , 25.850964518105673
9.916700774371595 , 7.750342569542017 , 28.343007080676223
0.5930358013809456 , 9.897177909336657 , 23.18507732162847
9.666480084527183 , 3.8353332669410056 , 20.839142763080627
8.073483371235499 , 1.1690630004691482 , 12.722400551533736
3.674811271772924 , 3.6094702709762636 , 13.699098680952861
2.5068269983768365 , 2.028462143160289 , 9.545849497096668
5.9526518005848095 , 8.797516963848404 , 27.103934859172885
1.264649440517056 , 8.464269792664581 , 20.961793196665504
3.546472401425426 , 6.3477443902035455 , 19.77295071532238
4.330700628420315 , 0.919665082079103 , 8.671188067469654
0.6436273401389447 , 8.40267162639396 , 19.864959587173722
6.469697701869553 , 6.68570890899233 , 22.224861707058427
4.994573934228697 , 1.0201280275574476 , 10.790831581467305
1.436739950185839 , 7.218859172442298 , 19.39534531901227
6.507163231582732 , 3.9544968502366142 , 16.9215960371915
4.988420527682521 , 6.112324402177296 , 20.10143083314153
3.669347656392202 , 7.60376346247765 , 22.273181869435255
0.15537011078963991 , 1.5122752750893143 , 5.376236095902028
0.39194266391856747 , 2.2063274956838255 , 7.507288305395457
9.734923767274504 , 6.146439201643769 , 25.000354666333553
8.07750317579208 , 5.0016735846561975 , 21.748378000661624
9.240696045718492 , 3.643843144947824 , 20.16476069556467
1.8458206487862594 , 0.03113452920211146 , 4.195936131644618
8.306093013641876 , 1.4443927269049672 , 13.341243048788844
5.655573624326228 , 1.4754679328967313 , 12.840904713948035
2.4064048036373906 , 9.732844776113968 , 25.418673864153583
2.774817084245509 , 0.19005622004484524 , 6.522202358498551
7.25687832980015 , 0.4400516273000976 , 11.150583106714784
9.779657628087689 , 4.053005124224084 , 21.073147997394795
8.033751166349502 , 8.196569721940548 , 27.388214242607294
1.085994966775553 , 4.933859833819763 , 14.350879701583775
0.1579688654986966 , 8.42585510456112 , 20.075472883767265
1.4500911680252804 , 8.757104289961994 , 21.90870832095236
4.848511045692626 , 6.918148882991129 , 21.56274295318566
3.2344182962464996 , 0.3379971223754852 , 6.271329115872526
3.9795631208498907 , 3.907242667714427 , 15.898612790167867
0.49923516032425397 , 4.259363498230564 , 12.432880896092048
5.0596329839754794 , 4.834288785509015 , 18.266767870870737
1.012894332120765 , 2.9118949904489453 , 10.403385426155888
5.468699620150072 , 1.9758585826314745 , 11.886870632503129
0.7323591769824322 , 3.261591725087465 , 9.693103356554182
3.01787003160499 , 6.177386027225332 , 18.954729374685872
8.36762791816655 , 2.0692483760364375 , 15.804222402088326
1.7758478594219596 , 9.61408038601294 , 25.26471409573588
6.493273224334474 , 7.340775078023327 , 23.468593432955544
1.0034855851013091 , 8.53577833068578 , 21.01341971375949
5.4486493775451725 , 8.615145992073003 , 24.869643073482973
6.64634944857302 , 5.828408748296276 , 21.58280148387122
9.184310937143481 , 5.602236331702343 , 23.47637170142477
5.886588267240558 , 2.828990410463421 , 14.392702397410519
6.913656499010891 , 8.99016179513653 , 27.506642480047187
9.382414782393502 , 9.564343157713536 , 31.164122165152527
8.240162962210453 , 3.7882271135556245 , 18.157146154278898
9.466816605851763 , 7.0521291772190455 , 26.05607752146092
1.417207353839467 , 7.1242705135920925 , 19.13281507910615
8.90386415069486 , 7.734157221726602 , 27.371935913884617
5.511259225077497 , 1.273408622542369 , 10.827468444794938
9.888362989704959 , 8.794290140133128 , 30.262873578974386
3.799728163422489 , 0.5800641536504636 , 7.893454906388537
1.2951355015831045 , 7.274460679516488 , 19.43121506176765
8.06143424861418 , 9.56214652309966 , 29.92554294456847
4.465309017562062 , 0.9903327418871433 , 9.262772662606153
4.87771249629113 , 8.044488492242209 , 23.372232381220176
8.396523967721954 , 5.1942718365247025 , 21.746830512350364
9.890197200315617 , 3.55064033131119 , 20.587622878609967
1.560640128190629 , 0.7566148504444692 , 5.939933294859657
6.102024438144037 , 5.074358509822253 , 19.623491159550042
6.2408638256253735 , 1.3402414362230741 , 12.722025468357092
0.10541270068064046 , 3.7638112701612823 , 11.759376863471635
1.6061210308273388 , 1.3274217812850664 , 6.307437756373584
1.9318936003201703 , 8.821255384528325 , 22.52487634172798
1.1443853142452576 , 2.47626015221 , 9.321210780892523
5.550654585706293 , 4.894638674389657 , 18.545644775814598
5.169793496879063 , 8.427054690276904 , 24.960143293564244
4.479142222928129 , 5.0616867456071635 , 17.771384386238473
4.75722309696748 , 0.5529512199455144 , 8.45072358362058
3.517965420347935 , 3.318357226288595 , 12.960495410719226
0.20697156896130164 , 2.7184111908029363 , 7.906064614612599
7.021512495082916 , 1.3947527103171875 , 13.686108894447536
5.132324985017198 , 8.36208411889808 , 25.013839348683735
3.609126922545862 , 3.393517662720873 , 13.565840979253997
5.126544790145814 , 7.488340232521862 , 23.009105029502333
5.938903031331284 , 4.947064830387405 , 17.600327834650308
5.3165745314184285 , 5.520990677077594 , 19.140647897139374
8.452517979877836 , 1.849368665597353 , 15.392767419068234
7.313405470489957 , 0.5859480369142389 , 11.03041213224176
7.165234232250261 , 1.4658785411603714 , 12.208287704971024
7.7335697566081 , 8.532621102486495 , 27.733725115962493
7.733176463654164 , 2.6077441922835876 , 16.218838524642702
9.952313100197493 , 1.9057396781925895 , 16.669261452765227
5.23044526303755 , 2.847328695305793 , 14.159709495614754
6.847802475350576 , 5.302347025389622 , 20.517553239350523
0.8025690707032196 , 3.550170098778173 , 11.050523744904801
3.5082032928697906 , 8.375769310016008 , 24.11108981839708
5.223457307961951 , 0.45324065869240426 , 10.222358691768182
8.611301042208284 , 7.091017892962023 , 26.931988229999813
0.36290312987734663 , 7.128229017891159 , 16.626808066484735
3.601963805854682 , 9.848591854919992 , 25.801633388918965
8.956328141943516 , 0.09412459503747139 , 12.319269912809713
9.216445435337919 , 1.4615569974589782 , 15.037917454171845
8.444801766258035 , 3.3694441783117 , 18.41338059407485
2.7069525050408605 , 9.860823951793794 , 25.021342201950738
3.455496445652042 , 5.4827851975054385 , 17.649933724964587
6.854169926298469 , 2.204428422974054 , 14.097861829920582
4.404731551041735 , 8.607314121633037 , 24.412191326007825
5.353558106928302 , 8.463715782701852 , 25.774776874213938
7.013755735743272 , 6.967016568882284 , 24.144009244366963
4.351841996426061 , 8.83770873466858 , 25.591094309456768
4.492087568660441 , 5.921872851025895 , 19.218837854013
8.24792489471861 , 3.2764760927800207 , 17.582845409616546
7.145901604392213 , 8.422139225371868 , 27.716116305390635
6.346439058978103 , 5.31789384171741 , 20.044254546672057
8.444341793299921 , 0.4114952366103386 , 13.123346774111514
1.5239176911178631 , 0.9391050785036847 , 6.55989473939537
9.16654871154705 , 4.9872579990253305 , 22.045663372609418
8.394598327092726 , 7.933459689281255 , 27.230819690925067
1.1286612224917036 , 9.461421985242957 , 23.319480575497266
5.534656482743366 , 8.685762443641845 , 25.47128661294372
6.596381564600151 , 8.161727838382692 , 25.16694625329588
3.172724827809951 , 7.513692727505071 , 21.09402121754343
7.58215228087751 , 0.8416719873742584 , 12.108015586728897
8.329419558388778 , 8.940311289500409 , 29.120251002533283
7.892643879262642 , 3.5654757264994674 , 17.803324211256392
0.7804142486637278 , 3.505773249823881 , 11.23704408114456
6.176679368982723 , 1.203631192646737 , 11.09974098823714
9.730865285457512 , 8.410152354415164 , 29.609557345098764
1.6590411714962983 , 0.5085763140409039 , 6.258001745100632
8.209443650727518 , 6.6559488625632035 , 24.206880696055638
7.162476214653437 , 3.485296230551589 , 17.444830284759227
9.02084638068505 , 3.154596145655144 , 18.128020868667477
9.70965863325736 , 0.5262187113746564 , 14.520264671715639
5.882647509914031 , 2.678986551237823 , 13.92985118369096
0.2026461945553193 , 2.7054427932032263 , 8.264175858046844
4.760454761655943 , 1.03267920649875 , 9.852643872279796
7.842097749233595 , 5.1814107578695525 , 21.03001828288915
7.7615950859058955 , 5.811426513958398 , 21.910709949716054
6.611928427929276 , 2.6758802198852383 , 14.745893865097655
6.71590713685649 , 4.74311483650472 , 19.580733886231066
6.455045235480278 , 9.26431662707323 , 28.1290269460007
9.774150894383487 , 0.3262121784274341 , 13.099920408197402
0.8284464767305855 , 3.6273792375729084 , 11.341296597104032
1.9216093649656207 , 8.33695472643225 , 21.783844800371234
2.5258875761736177 , 9.174145747151947 , 24.38215618141652
2.457718691066403 , 8.028229140348294 , 21.229115570331484
5.952653063169317 , 2.2088270705987343 , 13.30594143302186
8.511667503171768 , 1.9022624060421023 , 14.467733053063991
5.944096219882642 , 1.7310688901935145 , 12.241697875771914
7.7747092486761264 , 1.2681001167096673 , 13.956449972012804
5.527140184962137 , 9.141488402971357 , 26.482022640122718
7.917245783338188 , 4.52347873557084 , 19.68440747187148
0.9283164739744731 , 2.271250675320645 , 9.328860415502552
4.786570599676998 , 0.4391810538572527 , 7.9760338589585835
7.682413615812652 , 2.118899630865311 , 14.405443900811909
3.390684027238935 , 6.191904642868774 , 19.12610654368519
1.175906312235071 , 4.703550924779933 , 14.092234789776755
0.5063220146961289 , 3.4018853528258264 , 9.916673708969801
3.3198553176232073 , 8.279788165221856 , 23.323325891797126
2.870695416008701 , 6.575772224647682 , 19.272642325851358
9.073019334472866 , 7.4654535403086575 , 26.980601652938144
8.831160239167566 , 2.78233559324371 , 17.648413396376267
3.167796794812059 , 8.370967298289028 , 22.273374810441258
5.3767128201785805 , 5.163362679061873 , 18.310571621926734
8.405296021011388 , 7.510699172287046 , 27.284045910804785
0.8476379511294163 , 5.005523911943779 , 14.848040895887111
9.964482793385674 , 9.000498358802655 , 30.6811140905226
1.2008436716730964 , 8.680100788394679 , 21.027438282742224
4.227113508110856 , 2.1211894432002607 , 11.596537780578078
0.9333822733581187 , 2.9616159340767148 , 8.943895768112966
3.254964076248826 , 8.647110289211183 , 23.309175134151523
4.507137144727109 , 9.504226160553266 , 26.020808614603435
2.5980260200463343 , 0.6169501114166343 , 6.818130981481959
8.129284943925414 , 6.883720120991994 , 24.414697979459792
9.248494763759936 , 9.64733577458089 , 30.67547149339809
0.4514289703844665 , 0.255217631729846 , 3.79902217870131
4.206079878585665 , 1.3234879123662058 , 9.3183600875102
6.9824682003774345 , 3.886816841938879 , 17.806702400887296
4.8654977229366345 , 9.436962654518133 , 27.488382733125512
4.502993036576685 , 8.064230922697739 , 24.464890725787377
8.239460793944996 , 2.007245861854722 , 15.138973457638537
0.10303327776083226 , 6.5199156293646325 , 15.845425575435653
7.245416639837497 , 5.0793879907885175 , 20.255505367963664
1.0853550874676643 , 8.879007031696421 , 20.747566389571695
7.979294784818547 , 7.991170253437785 , 27.29934919332805
5.683342921119392 , 5.63359008496831 , 19.234578677096124
1.0007143517054462 , 2.4877877835755746 , 9.201073929389768
8.755594806485103 , 2.8759700518985767 , 16.8437307863964
8.851517359551567 , 9.788796255709391 , 30.569149292116876
7.022482075086058 , 1.3207925010252353 , 12.216746543693345
5.9144240140849575 , 8.452975472616128 , 25.779990970930605
9.188768102934015 , 5.421702176786461 , 23.212448318244565
8.783026186501724 , 3.4789986714763446 , 19.54055657477628
5.854242327678447 , 9.465557889564181 , 27.164895346942902
1.9021890306021438 , 6.060777573690814 , 16.764978457186103
8.786430149876116 , 0.05873456872848237 , 11.649636058075385
4.663027449336251 , 3.0122315352898568 , 14.280899377893101
1.831629103955117 , 7.068523272335197 , 18.286198926176965
1.9728610978308159 , 9.339912269946266 , 23.539257376474204
7.169378775377147 , 6.577824158160103 , 23.226240632432425
3.444636502656424 , 1.5058292340342394 , 9.247391729473911
7.8775959460038525 , 6.704221450849245 , 24.380090675028367
8.718951998087029 , 0.8771426323120413 , 13.697662525579798
2.112655079361885 , 4.144403574719872 , 13.218914766616479
7.279546402825902 , 4.954191500982962 , 20.503707380428448
4.515497116842614 , 8.83615716654744 , 25.694530289880277
7.2279150919551585 , 7.6428271820979 , 25.182247152788857
4.06707357530289 , 8.47993144466105 , 23.801250873477642
0.6839604822436285 , 6.059619213938451 , 16.03670772579857
7.638314010720738 , 2.2044424481827365 , 14.77247239672416
9.715163212538942 , 5.054826115897395 , 23.577273895828622
0.3427542324972144 , 9.660562449738425 , 23.29455438487089
4.202437840286272 , 4.173787261423336 , 14.910008923536019
0.4439216289197767 , 7.095782221243814 , 18.551878817010856
6.554871122962712 , 0.8814107699636331 , 11.99084223731965
9.475751752609117 , 5.418551003504268 , 23.606315895748516
6.0433275898283725 , 4.404066986724839 , 17.92100336606618
5.204617255360191 , 4.732468103810468 , 17.9830359223088
8.02785772094514 , 4.17057414233565 , 19.38596172834438
4.731514062778967 , 8.884244009014061 , 26.009605798407474
7.383546866666318 , 6.425652378041391 , 24.026673624680047
3.0935052740872604 , 7.513236151365098 , 21.339377459483742
8.739219545308854 , 0.06943699877707821 , 11.71196979799576
7.888199868443033 , 2.7683541161131133 , 16.504060739067263
1.046379306587395 , 4.6469449683966735 , 13.531581446155787
2.6284623091687065 , 8.100933738313373 , 22.553899965225888
6.440732365193146 , 1.1872306458593385 , 12.00345002683688
5.847331010798619 , 2.916962212744769 , 14.418185496048874
9.262531477845497 , 3.469424370238664 , 18.35380324457293
3.4547085325861158 , 1.7524317989134097 , 10.42872720303376
9.15669732708906 , 5.047715893805394 , 22.119302259064327
5.3652006587997825 , 0.7178457869256494 , 8.606279950550938
7.690243071560752 , 9.816595996653012 , 29.85440831741235
4.052305531830488 , 3.405287059346702 , 13.942202301226017
6.8888724690336245 , 7.824947967430322 , 25.0506066160977
9.832000948041198 , 6.037843256537148 , 24.289384273642245
8.165884223145266 , 9.910191074177998 , 31.29440155089328
4.322995308924897 , 4.803240987805876 , 17.805818183330643
6.817754340416014 , 6.19355855604145 , 23.440376327737116
9.897720855147583 , 1.1171419876357225 , 15.98954054713131
0.7827413030771002 , 0.09292889514970981 , 3.9545682115434673
5.027153407851034 , 5.95536144765084 , 20.512802390222237
4.0435439860984 , 9.542266522448497 , 26.855538420244272
2.6115270242685353 , 2.9868005469717374 , 11.341716121117276
9.627010550817257 , 7.621269947836322 , 28.473948582672488
6.267756564643905 , 8.04338464343486 , 24.848763157538663
9.640728869495526 , 2.5089629674984293 , 18.307814102025787
0.7325444766624756 , 1.4091010189513253 , 7.031402158637455
6.491292297111881 , 7.445956845890873 , 24.713507692086537
7.68538591710072 , 9.802877224691738 , 28.846992621429326
8.89641076424708 , 3.7226765370051442 , 20.247365811592978
8.328951495759428 , 0.15287166997424495 , 11.072997020607636
8.153040337892637 , 9.280750543816906 , 28.87280103294505
8.047590281561105 , 8.680003516168021 , 28.960552999682385
3.7327098247519164 , 7.132053654043923 , 21.361808803412114
8.276950726676851 , 1.5487343686581412 , 14.478400653481877
0.33701739373217077 , 9.74235047945109 , 22.487780388603202
3.8832979010043225 , 6.861804301338711 , 21.11530082985764
3.0771667761697907 , 8.727047066654107 , 22.75530032672062
9.478494373096764 , 2.951226572995662 , 18.449289562658613
2.966488301846418 , 5.9883003272792426 , 18.43656207218902
9.204810699437736 , 2.0316947508992333 , 16.30543674737775
0.22817426978748445 , 5.906813206212751 , 14.831759144102028
0.27901313095350266 , 3.5921124741965604 , 11.349737858105673
5.2367986905687705 , 6.810253758641432 , 21.409944709026643
1.644531014052819 , 9.387567516201301 , 23.102003123083875
7.122869086744896 , 3.55912311871759 , 17.853766471292214
3.6589788607841944 , 3.4456556072159463 , 13.305413959896278
9.264601880701735 , 7.321909759449947 , 26.092011833717883
0.2756012447175904 , 1.8877793673420584 , 6.3900375684733675
0.9156275168440764 , 3.867829447060692 , 11.335074862688465
5.316956567536424 , 7.524354194482628 , 23.568206978062925
6.786227090753114 , 4.711646289544005 , 18.512519617958713
9.750375932251048 , 2.8557110477066425 , 19.069075446694367
5.829842206285609 , 7.788966592154891 , 23.979143176665723
6.61299665908992 , 2.977838359816638 , 15.30342372449987
9.801240071634247 , 1.4887596436458006 , 15.687039289794674
0.19707718137938812 , 2.7783944086146297 , 8.545943798186865
6.9860735522551565 , 6.472233039342776 , 22.997749905116898
3.430496312155701 , 7.840280289694067 , 21.697953263657368
7.684857356573842 , 2.929871240373493 , 17.28072418704259
3.880377469104906 , 1.786084332768233 , 10.46756789914386
3.0081915385545432 , 7.48177101716414 , 21.190357546794797
3.969431318990886 , 2.1119580611269773 , 9.920254671684894
1.0252332047195245 , 5.0868997951118615 , 13.920990453621673
1.066810474532307 , 2.364670313858487 , 8.93830982443371
4.980660470325104 , 6.911253076080154 , 21.952175500687506
8.499158446337585 , 7.5468763629155955 , 26.859007396429213
5.858842446273376 , 5.674790011077962 , 21.137164884453995
9.193868900661123 , 0.5967583406687837 , 13.765749636004784
2.8900773738182464 , 6.549571688398526 , 19.04610374548119
9.923912897257775 , 2.239949517452172 , 17.93874858952093
3.992598573513221 , 6.819819202070294 , 20.465554792302715
3.075182403422735 , 2.552232456693596 , 10.66019195743753
6.949927057264782 , 9.1196375760004 , 27.563826035856305
4.154203627138857 , 8.775049380802928 , 25.301487464219985
8.30703268869277 , 5.354244261957844 , 21.2033426532905
0.5833283614034079 , 3.163743723397344 , 9.911069603215703
6.951678643116237 , 4.24062538008807 , 18.63096808567704
5.626366202560648 , 3.11947995433419 , 14.293468441922407
0.976714731638072 , 1.066927385858104 , 6.648331193329913
9.182723938379652 , 5.572492959610653 , 22.509363558735654
1.4566164824244743 , 3.377555736651959 , 11.49471205407245
6.2129057577254345 , 3.4677912426162463 , 16.73452132544485
3.9807967747879056 , 4.388892890740037 , 15.783576446719708
8.520193988909313 , 7.544959463884799 , 26.123398875990798
4.065783730824122 , 2.4609981364542266 , 12.006753792271425
6.757046947856353 , 1.8809195877034923 , 14.106033169570654
7.978243997273559 , 8.569804898209863 , 28.76946387248075
4.159145370700599 , 1.2001820141514385 , 9.096672294749691
9.184940407061962 , 0.2352110223330417 , 12.736153631383681
7.328433604837967 , 6.8189871274817 , 23.834871465358095
8.618314730984224 , 0.33728885754341853 , 12.904458419006342
0.5641671679189053 , 3.330377859573707 , 9.995814308365645
6.159026673945572 , 0.8356644438775684 , 11.11534644868414
0.36699341602360547 , 8.84152789898666 , 21.899435480041532
2.9416779331944265 , 3.791716701988881 , 13.064463773812085
2.625073320196829 , 7.719384402361019 , 21.124410447690302
4.336510703098946 , 7.141592290426381 , 21.181826576065806
7.342808419495725 , 6.070789689518632 , 22.200117907037388
2.361181311798263 , 7.306089580980039 , 19.818260629634683
8.411842128411884 , 2.0367726188359123 , 15.121279593518633
0.3052520263364411 , 0.6811709482161732 , 4.469797029958635
8.153308726415485 , 8.298396532652887 , 26.972294180626317
3.1414838982383833 , 9.261698430341495 , 23.514063275708097
2.3624844330010486 , 9.63188100131846 , 24.747497624277027
8.748587551566867 , 0.8013813237701917 , 13.224013605719962
6.961925911875795 , 9.415043862306042 , 28.895408923838325
1.9233374796193536 , 8.466041173889675 , 21.468077592274025
3.7680069868488433 , 1.8611043736910826 , 10.030547626135384
7.705823685686971 , 6.044497707714949 , 22.699382575024927
4.10345681124817 , 5.680865752489506 , 18.688713362135893
7.538453570052372 , 3.00638485429812 , 16.931715450096974
2.5395046138891053 , 7.424110710396462 , 20.519811804937202
8.608140473029863 , 1.3544050750011927 , 14.491274372456134
7.054481568428771 , 6.157145074727898 , 22.276053822130056
3.451470744743681 , 6.2547041570749595 , 19.21929020185207
1.5546120961512977 , 7.448734557032761 , 19.616250849101874
1.2739942882563793 , 0.22689945911846365 , 5.030178749627135
0.7385914077006772 , 8.211197424574891 , 20.285807335814727
3.285398883173132 , 2.0688222463247605 , 10.693225652451506
5.407861443904923 , 3.1119200261704294 , 15.665928473105733
5.830781161401014 , 1.808320458059287 , 12.30065480958278
6.015023683691797 , 6.671564260267183 , 22.537732898546334
5.108962262205706 , 3.697094349087614 , 14.936636685175241
6.099727713906726 , 7.156144615719484 , 22.852764407705134
3.588557224583501 , 2.8567078070533602 , 11.601597493457596
1.8894515143723067 , 5.273363827100503 , 15.460358781976273
1.2252124624103844 , 4.8026281303908895 , 13.383880907538053
2.156746723334245 , 2.5610211258699955 , 11.033306016697006
3.4615436153876167 , 1.0811224034060951 , 9.170361275037807
7.507221295490137 , 7.0469373527018835 , 25.07470879087323
4.880358602705554 , 5.763113301338963 , 20.071750787713302
0.10746557934818157 , 4.3643531919413645 , 11.65249638605455
8.239788688168934 , 3.3157800194715437 , 18.07826155939494
8.75508665753581 , 7.657412164357833 , 27.175341451924307
9.892064495050642 , 8.17934718528532 , 29.402967321639895
0.5370367985986113 , 3.8503574018356646 , 11.148402441750033
1.8675106646574313 , 6.752949118649037 , 18.018708283892995
0.9862687788635072 , 5.675801403567743 , 14.63502051971342
4.773429083952446 , 2.6023174159819042 , 12.948009923269879
2.0677757981974834 , 9.240924318226229 , 24.36117233050024
0.2619153702270538 , 4.712725056179904 , 12.263184246967958
2.406866787639607 , 5.304576147299741 , 16.303651921934925
9.060984822558964 , 5.188934728921946 , 23.575672140260522
5.45974915258199 , 0.36045333553944237 , 9.428019703009653
6.772815167302558 , 2.5373165064569045 , 14.710961528846582
4.054866878362484 , 5.658998140661588 , 18.38574664154655
4.7942491367547095 , 9.877243760427971 , 27.502150871068515
9.091687798915412 , 2.096167008706603 , 16.080162284506134
2.4291512254275336 , 1.693313950691343 , 8.494400173777588
7.370236942177078 , 5.9450382945486755 , 22.03416876358877
8.77687771947614 , 1.8605161694543948 , 15.43442415547053
4.133595346190651 , 0.13190554448655467 , 7.0749280820548
2.46634483818293 , 4.100159053566594 , 12.97719995813994
3.8067956820296143 , 4.4755654917006895 , 15.797913818110155
7.965241639275148 , 0.4340485733751953 , 11.150384778848418
6.510040878523672 , 1.5466807490767165 , 12.692612463997328
9.109253681321706 , 0.922972237082923 , 13.754963768673925
4.549799607140144 , 6.027447281676737 , 20.079931882772776
2.4596723714651447 , 3.422988219599641 , 11.860598721703669
6.5058721822214105 , 0.6342892683323853 , 11.666356958228368
0.7710305573945175 , 1.6295997147067265 , 7.403026541031194
2.212959747269613 , 4.227931874675598 , 13.526607317589598
2.0631958050089194 , 6.325058288058144 , 17.641543419816944
8.556384753505185 , 0.6806502589063368 , 12.618589469035506
7.664649537567724 , 4.233128625329385 , 18.4435807884645
2.3861636557189634 , 7.190555691623006 , 18.75079819605358
5.794140914484728 , 0.710391371239808 , 9.152844296443508
6.93025248058465 , 8.414448218251064 , 27.0696819773658
4.926386050957605 , 7.473936524829679 , 23.18599928343911
4.168451113890242 , 1.3318103402285453 , 9.71155606932549
4.097054811972636 , 3.583857503449226 , 14.424024269413527
3.7450475031478083 , 6.205737082573208 , 19.5385690996422
4.973256924156486 , 8.736690263387107 , 25.674060321229717
2.945574706076999 , 4.309155046148305 , 14.494616696915257
8.481341087124415 , 8.975531833388208 , 30.16495837909162
5.8282275162317 , 5.841742196884655 , 19.64471669040011
4.732004454247126 , 0.863926406315425 , 8.973309391384927
3.506574073932404 , 9.673147678063765 , 26.45760353696053
5.894067279821529 , 3.0823233676502904 , 15.11109714894266
7.510010315259673 , 3.6841876743486623 , 18.23613489881803
9.617410044439648 , 8.964415102120066 , 30.582711788218784
7.06558185947093 , 0.9957690245771089 , 12.167598167867613
9.605628969062442 , 3.487590445065986 , 19.26053233788921
1.467213412210815 , 7.358437685331751 , 18.790174034333482
7.888244755886298 , 8.675524295613489 , 28.425425653841096
6.655325603535475 , 0.30792774050374394 , 10.191247588886455
3.6993678839856905 , 1.030589087230469 , 8.639574645671594
5.6446782190425075 , 2.8287213653990575 , 14.947479891117522
3.4165756328907038 , 8.52421180282459 , 23.727249477091668
2.0859954393705813 , 3.660527568220986 , 12.129048076525322
9.154464411850586 , 0.8122897938629781 , 13.52908149835364
1.90919789564436 , 1.1903086233074944 , 7.560389674338037
1.7455102159936797 , 4.567882660246839 , 13.577140332938038
7.528126119888826 , 5.535850500862164 , 22.494481760308823
1.0687035274011525 , 2.788933007400013 , 9.28675739315997
3.5124995212826726 , 7.116105210136449 , 20.650502778714287
1.8287894421128292 , 6.2204231573510995 , 17.535019511816664
2.03815146360361 , 0.8896862783400883 , 6.0749306529881135
7.896644226258607 , 6.42219980001477 , 23.897853725693448
3.7879843205572348 , 9.76634523767506 , 26.4589962733403
8.234505770985962 , 2.2843058861180907 , 15.220794615479372
8.303916106930298 , 2.0384180679303157 , 15.644217731315143
1.742040857463809 , 0.2644664888816428 , 5.698774792540156
3.44101745451056 , 4.302553572851078 , 14.561560203821893
4.759624590049956 , 6.927723193378378 , 21.748026217900414
8.142114484177306 , 1.4956876813915765 , 13.592897445314367
2.683335634124963 , 5.873528603519272 , 17.566543863603016
7.929498232115436 , 6.412720374986213 , 24.23526352422534
3.3472954060996454 , 9.915838385424397 , 25.600717609174847
1.6344449969976182 , 2.5276694508941233 , 9.752433332716668
1.0116822210549459 , 7.712136897620696 , 19.48016987986667
5.282321735982035 , 2.871242364397959 , 13.262993787602735
4.6062074384749865 , 4.413709873281858 , 16.065758784265526
7.9869847311550295 , 5.211227309157481 , 21.849638543557198
9.695033238596718 , 7.714986456055301 , 27.206772371083837
0.6154206613599944 , 4.332727530588924 , 12.626260348499434
3.840965268915525 , 3.6792450112154143 , 14.209404490823397
2.1389821280906576 , 9.114146134760103 , 23.64005086836358
4.898520596369982 , 4.62150532130175 , 16.858998573387197
1.1593853621138694 , 9.669185982516614 , 23.485836741544446
9.96955425669377 , 1.1109857479188667 , 14.800571943463067
7.844060973803062 , 0.8409672152460168 , 12.408524498817396
0.5662603315935988 , 1.4320054739974941 , 5.922336665946032
6.493016699925905 , 0.74072559967989 , 11.141328938754574
6.1117535533705265 , 0.6067164499093414 , 9.675823688066266
3.5401705766498184 , 6.075603607507578 , 19.636155015090893
8.453302495869794 , 5.195433831026369 , 21.92769206336725
1.5794409327882941 , 2.005478465857827 , 8.470548204028107
7.245740996475844 , 6.294864138192465 , 23.37475536232791
5.093802500517418 , 2.4189418641313267 , 14.222844870289617
6.914328087652349 , 9.164236649647235 , 28.63631829786792
7.321120429893457 , 6.417642291744105 , 23.746392910493654
7.040316633444928 , 5.2667649499314075 , 20.221139453886668
9.546969644269831 , 7.953965546972879 , 28.645349160300587
7.0522545319435705 , 7.235905944006719 , 23.630642272820356
3.9796430192102306 , 8.880456404191921 , 24.27718943148812
5.1652969468793835 , 6.945851907342947 , 22.55855053985064
6.516796985665038 , 1.3096180880020192 , 12.014097933285509
2.657465415398489 , 6.082192667629249 , 16.961919928115826
3.0923673381110737 , 7.806417927441078 , 22.021031007910437
6.891564883945042 , 6.861660539336814 , 23.287735002245157
2.2576351103848125 , 6.13014274863046 , 17.97494830142515
0.6552402212786335 , 4.051362933665358 , 11.952713454691395
9.177387079146648 , 8.795550116417598 , 29.808307318205443
3.3842977702238954 , 4.70077629777419 , 15.380215690470546
4.776472214532864 , 1.687125363531784 , 11.270753610794506
6.019472029530978 , 9.405945092354763 , 28.146009482811326
1.709950174612559 , 0.27758998502879106 , 5.153861892797128
0.08880253063998533 , 9.58081514294422 , 22.147250518268443
1.656717170031251 , 9.787160330760816 , 24.94588067151802
2.6737610727882632 , 7.099474654257336 , 20.230429163952767
7.934383369498922 , 5.24261409054679 , 21.740074081574235
0.6541793436285614 , 2.342849550897246 , 8.474250271086795
8.383831853086964 , 2.3307153205754982 , 16.080243960573195
0.959003628391133 , 9.99190549977288 , 24.062469404772177
0.9983690727304351 , 2.897768356451272 , 10.877768333989891
7.867075973136814 , 4.2478604185545645 , 19.878131550627568
9.930292656990607 , 0.1497746101747155 , 13.743231650754675
1.9469779959555567 , 3.4916244938574224 , 10.840963492805205
3.019075215705546 , 6.509770460958475 , 18.703416680033172
1.5989033627599947 , 8.215113347602562 , 21.792150189626835
2.1733716946637793 , 1.4380235524611296 , 7.631322882202636
4.96813282452276 , 2.078216913826867 , 12.773219998836682
2.5949962519919767 , 5.540114706429505 , 17.72616136032842
9.043211334124809 , 2.836142105364139 , 18.429869722776598
2.0529318090047655 , 4.980850094204712 , 15.31463454298982
9.614910906705775 , 3.0882493241101114 , 18.70631146586478
5.441487601042384 , 2.189492839466598 , 13.0945715014489
7.625691641936466 , 4.1001953510236415 , 18.141262562391887
9.085012418862535 , 6.063016075538517 , 24.223993849364568
7.636826388207601 , 4.230287191876557 , 19.026400074744146
5.390923132174443 , 5.579861270514524 , 18.57403808655743
8.539386388965976 , 7.028447987040688 , 25.503844181866626
8.953305526836505 , 9.098428104188573 , 29.938328027422433
4.671256703156022 , 9.50728764721212 , 25.948533348719703
3.953291729513153 , 8.540518690118704 , 24.491878021747652
5.178461597782377 , 5.483590306487137 , 18.522871636926155
1.5492742313347407 , 8.111641665498356 , 19.949098411684
1.5606877319956236 , 5.080004749122635 , 14.509013886556517
3.7270258517040613 , 2.371206510704794 , 12.09579139021501
2.319185157831243 , 7.094484105740778 , 19.49170996807102
6.856329843223261 , 2.9882711057660503 , 15.862874864742093
8.764263905516124 , 7.635062015541986 , 27.574289051045707
